 <pre>

 Contingency table for Cloud cover (octas)
 Selection: ALL    409 stations
Period: 20220603-20220630
Used {00,03,...,21} + 03 06 ... 66
 Limits   0.50000000000000000        1.5000000000000000        2.5000000000000000        3.5000000000000000        4.5000000000000000        5.5000000000000000        6.5000000000000000        7.5000000000000000     
 Each class is data <= limit, the very last > last limit
 Total number of values      458004
                                                       OBSERVATION
                                  53013    14746    14631     7735     3912     4941     5615     4208     6983 |    115784
                                   7990     3230     4439     3034     1815     2709     3447     2744     4771 |     34179
                                   4254     1633     2611     1903     1194     1961     2602     2111     3813 |     22082
                                   3228     1324     2104     1506     1075     1798     2472     2106     3888 |     19501
                           REF     2906     1212     1939     1612     1045     1929     2658     2164     4102 |     19567
                                   2509     1116     1876     1535     1041     1945     2890     2648     4746 |     20306
                                   2645     1118     1900     1594     1106     2145     3399     3229     6250 |     23386
                                   3304     1535     2238     2011     1448     2758     5126     5414    10810 |     34644
                                   7753     3584     4828     4753     3581     7732    16111    27984    92229 |    168555

                    SUM           87602    29498    36566    25683    16217    27918    44320    52608   137592 |    458004
                                                       OBSERVATION
                                  52932    14756    14619     7778     3922     4911     5589     4244     6925 |    115676
                                   8067     3146     4434     3077     1832     2678     3442     2741     4803 |     34220
                                   4218     1761     2583     1906     1206     1988     2586     2105     3758 |     22111
                                   3299     1344     2134     1572     1058     1788     2438     2040     3862 |     19535
                          t2h2     2788     1185     1997     1525     1042     1894     2663     2219     4113 |     19426
                                   2578     1115     1826     1481     1054     1990     2964     2599     4783 |     20390
                                   2587     1143     1859     1510     1100     2114     3502     3334     6227 |     23376
                                   3380     1489     2266     1980     1414     2735     4982     5285    10783 |     34314
                                   7753     3559     4848     4854     3589     7820    16154    28041    92338 |    168956

                    SUM           87602    29498    36566    25683    16217    27918    44320    52608   137592 |    458004

