 <pre>

 Contingency table for Rh2m (%)
 Selection: ALL   1057 stations
Period: 20220603-20220630
Used {00,03,...,21} + 00 03 ... 66
 Limits    30.000000000000000        50.000000000000000        65.000000000000000        75.000000000000000        85.000000000000000        95.000000000000000        100.00000000000000     
 Each class is data <= limit, the very last > last limit
 Total number of values     1567099
                                              OBSERVATION
                                   4340     5222      263       36       13        9        2        0 |      9885
                                   7126   135917    36319     4737     1787      805      198        0 |    186889
                                    733    60667   164102    55683    17969     7315     1489        0 |    307958
                           REF      107     8690    65697   105403    60578    20675     4171        0 |    265321
                                     38     3035    22176    63469   134870    71350    13587        0 |    308525
                                     33     1320     8077    21343    80525   173901    56370        0 |    341569
                                      4      248     1461     3788    13261    54499    68275        0 |    141536
                                      0        4       20       73      490     1386     3443        0 |      5416

                    SUM           12381   215103   298115   254532   309493   329940   147535        0 |   1567099
                                              OBSERVATION
                                   4338     5311      292       40       21       11        3        0 |     10016
                                   7133   135019    35690     4649     1756      791      210        0 |    185248
                                    737    61433   163880    55051    17686     7185     1485        0 |    307457
                          t2h2       96     8639    66381   105419    59839    20401     4145        0 |    264920
                                     47     3116    22275    63990   135376    70646    13509        0 |    308959
                                     26     1369     8106    21568    80907   174896    56157        0 |    343029
                                      4      213     1472     3743    13428    54634    68701        0 |    142195
                                      0        3       19       72      480     1376     3325        0 |      5275

                    SUM           12381   215103   298115   254532   309493   329940   147535        0 |   1567099

