 <pre>

 Contingency table for Rh2m (%)
 Selection: ALL   1054 stations
Period: 20220603-20220623
Used {00,03,...,21} + 00 03 ... 66
 Limits    30.000000000000000        50.000000000000000        65.000000000000000        75.000000000000000        85.000000000000000        95.000000000000000        100.00000000000000     
 Each class is data <= limit, the very last > last limit
 Total number of values     1155056
                                              OBSERVATION
                                   2666     2384       75       15        3        7        2        0 |      5152
                                   5405    86379    22263     2691     1077      456       84        0 |    118355
                                    590    41579   117552    39285    12099     4854      843        0 |    216802
                           REF       95     5734    47601    81019    45333    14500     2560        0 |    196842
                                     34     2107    15953    48361   104996    53168     9105        0 |    233724
                                     28      938     6159    16566    62457   136134    42261        0 |    264543
                                      4      192     1180     3126    11021    45103    54544        0 |    115170
                                      0        4       15       61      419     1186     2783        0 |      4468

                    SUM            8822   139317   210798   191124   237405   255408   112182        0 |   1155056
                                              OBSERVATION
                                   2652     2402       79       18        4        5        2        0 |      5162
                                   5438    85779    21747     2613     1031      437       91        0 |    117136
                                    579    42153   117443    38727    11884     4753      831        0 |    216370
                          t2h2       83     5681    48058    81149    44645    14253     2529        0 |    196398
                                     42     2153    16051    48738   105530    52631     9099        0 |    234244
                                     24      990     6221    16732    62713   136998    42026        0 |    265704
                                      4      156     1185     3087    11192    45155    54918        0 |    115697
                                      0        3       14       60      406     1176     2686        0 |      4345

                    SUM            8822   139317   210798   191124   237405   255408   112182        0 |   1155056

