 <pre>

 Contingency table for Visibility (m)
 Selection: ALL    721 stations
Period: 20220603-20220630
Used {00,03,...,21} + 00 03 ... 66
 Limits    1000.0000000000000        5000.0000000000000        10000.000000000000        20000.000000000000     
 Each class is data <= limit, the very last > last limit
 Total number of values     1026015
                                     OBSERVATION
                                   2009     1274     1312     2733     2114 |      9442
                                   3566     9848    15093    25488    22432 |     76427
                           REF     1429     5985    13750    34242    42640 |     98046
                                    996     5798    22649    75815   162141 |    267399
                                    634     3151    32490   130391   408035 |    574701

                    SUM            8634    26056    85294   268669   637362 |   1026015
                                     OBSERVATION
                                   2005     1256     1282     2768     2107 |      9418
                                   3673     9887    15208    25665    22651 |     77084
                          t2h2     1372     6016    13777    34353    42777 |     98295
                                    956     5708    22645    75782   163030 |    268121
                                    628     3189    32382   130101   406797 |    573097

                    SUM            8634    26056    85294   268669   637362 |   1026015

