 <pre>

 Contingency table for Visibility (m)
 Selection: ALL    719 stations
Period: 20220603-20220623
Used {00,03,...,21} + 00 03 ... 66
 Limits    1000.0000000000000        5000.0000000000000        10000.000000000000        20000.000000000000     
 Each class is data <= limit, the very last > last limit
 Total number of values      756697
                                     OBSERVATION
                                   1536     1077     1160     2486     1928 |      8187
                                   2555     8101    12445    21660    18485 |     63246
                           REF      979     4520    10520    26925    33878 |     76822
                                    713     4182    17483    58878   125555 |    206811
                                    423     2299    22562    88853   287494 |    401631

                    SUM            6206    20179    64170   198802   467340 |    756697
                                     OBSERVATION
                                   1545     1062     1142     2491     1905 |      8145
                                   2631     8096    12532    21818    18607 |     63684
                          t2h2      936     4580    10528    27147    34046 |     77237
                                    675     4115    17578    58760   126171 |    207299
                                    419     2326    22390    88586   286611 |    400332

                    SUM            6206    20179    64170   198802   467340 |    756697

