 <pre>

 Contingency table for Cloud cover (octas)
 Selection: ALL    408 stations
Period: 20220603-20220623
Used {00,03,...,21} + 03 06 ... 66
 Limits   0.50000000000000000        1.5000000000000000        2.5000000000000000        3.5000000000000000        4.5000000000000000        5.5000000000000000        6.5000000000000000        7.5000000000000000     
 Each class is data <= limit, the very last > last limit
 Total number of values      337982
                                                       OBSERVATION
                                  30749     8872     8590     4984     2644     3354     3842     3033     4923 |     70991
                                   5105     2185     3035     2087     1295     2020     2551     2095     3536 |     23909
                                   2799     1099     1780     1351      879     1499     1961     1618     2849 |     15835
                                   2064      904     1446     1080      781     1376     1940     1649     3012 |     14252
                           REF     1850      802     1385     1229      781     1507     2128     1694     3148 |     14524
                                   1630      764     1344     1145      799     1524     2321     2079     3741 |     15347
                                   1751      764     1374     1174      828     1684     2768     2551     4907 |     17801
                                   2210     1062     1650     1488     1098     2182     4195     4304     8581 |     26770
                                   5246     2475     3680     3615     2736     6223    13433    22824    78321 |    138553

                    SUM           53404    18927    24284    18153    11841    21369    35139    41847   113018 |    337982
                                                       OBSERVATION
                                  30602     8843     8562     4985     2658     3303     3823     3055     4850 |     70681
                                   5189     2142     2996     2108     1311     1988     2531     2090     3532 |     23887
                                   2745     1162     1789     1376      889     1507     1999     1585     2804 |     15856
                                   2127      931     1499     1142      755     1409     1883     1575     3020 |     14341
                          t2h2     1771      796     1408     1137      784     1485     2130     1727     3179 |     14417
                                   1679      750     1313     1091      795     1554     2392     2056     3726 |     15356
                                   1774      809     1346     1121      845     1643     2849     2636     4908 |     17931
                                   2241     1036     1661     1480     1073     2160     4090     4173     8538 |     26452
                                   5276     2458     3710     3713     2731     6320    13442    22950    78461 |    139061

                    SUM           53404    18927    24284    18153    11841    21369    35139    41847   113018 |    337982

